"0" "0.1" "0.2" "0.3" "0.4" "0.5" "0.6" "0.7" "0.8" "0.9" "1"
"0" 20322033 717894 208497 68964 30076 10359 4257 3165 3008 1996 748
"0.1" 736816 189234 94919 48036 26677 7556 4831 3661 3978 4483 756
"0.2" 242962 92881 72382 48120 30712 9599 6537 5036 5171 6563 1325
"0.3" 104187 48855 48257 44476 34664 12552 9093 7118 7458 10777 2487
"0.4" 54841 29845 30987 34529 35573 15886 12796 10494 10703 16408 4418
"0.5" 14943 9508 10215 12622 15975 4 0 0 0 0 0
"0.6" 9863 7031 7444 9807 13431 0 0 0 0 0 0
"0.7" 6569 5452 5937 7856 11030 0 0 0 0 0 0
"0.8" 4979 4566 4989 6505 9870 0 0 0 0 0 0
"0.9" 2346 3384 3772 5442 8297 0 0 0 0 0 0
"1" 541 429 648 1095 1707 0 0 0 0 0 0
