"0" "0.05" "0.1" "0.15" "0.2" "0.25" "0.3" "0.35" "0.4" "0.45" "0.5" "0.55" "0.6" "0.65" "0.7" "0.75" "0.8" "0.85" "0.9" "0.95" "1"
"0" 17414988 1486419 399555 151669 91291 55942 28800 14002 10407 6196 5051 1477 937 1194 705 810 681 620 511 201 502
"0.05" 1199492 221134 108306 58364 36574 24690 15854 10308 7959 5514 2352 1479 1085 1041 800 850 822 885 907 377 246
"0.1" 390283 108813 68243 43840 29416 21302 14109 9834 7667 5462 2174 1439 1151 1039 813 826 832 940 1282 660 297
"0.15" 177603 60117 43796 33355 24990 19211 14049 10044 7736 5812 2262 1681 1338 1303 989 1033 1045 1161 1630 911 459
"0.2" 109472 38638 29188 24843 21324 17600 13467 10560 8440 6282 2580 1883 1563 1410 1121 1185 1124 1251 1824 1117 578
"0.25" 68007 26845 20134 18716 17327 16131 13466 10627 9000 6990 2877 2259 1896 1668 1354 1376 1388 1408 2083 1539 747
"0.3" 42550 19477 14607 13378 13295 13768 12722 10693 9529 7630 3233 2647 2222 2012 1651 1597 1710 1813 2879 2047 1081
"0.35" 27738 14422 10757 10113 10168 11026 10989 10072 9388 8117 3665 3007 2544 2315 1923 1947 1854 2081 3209 2642 1406
"0.4" 19906 11381 8478 8045 8091 9139 9303 9446 9529 8751 4045 3534 3042 2766 2416 2399 2345 2539 3881 3608 1872
"0.45" 14320 9234 6939 6383 6483 7274 7687 8093 8754 8539 4454 3853 3588 3400 2862 2817 2846 2973 4584 4335 2546
"0.5" 5069 3585 2570 2645 2680 3011 3313 3531 4146 4303 4 0 0 0 0 0 0 0 0 0 0
"0.55" 3430 2859 2078 2215 2048 2476 2817 2961 3591 3935 0 0 0 0 0 0 0 0 0 0 0
"0.6" 2815 2469 1819 1892 1767 2064 2443 2715 3294 3705 0 0 0 0 0 0 0 0 0 0 0
"0.65" 2346 2233 1631 1689 1688 1925 2201 2448 3060 3372 0 0 0 0 0 0 0 0 0 0 0
"0.7" 1640 1798 1400 1501 1455 1630 1951 2119 2656 3032 0 0 0 0 0 0 0 0 0 0 0
"0.75" 1421 1710 1271 1280 1301 1551 1782 2004 2473 2869 0 0 0 0 0 0 0 0 0 0 0
"0.8" 1176 1560 1213 1169 1206 1449 1573 1771 2370 2719 0 0 0 0 0 0 0 0 0 0 0
"0.85" 913 1330 1153 1031 1031 1303 1456 1705 2268 2513 0 0 0 0 0 0 0 0 0 0 0
"0.9" 600 1039 1054 1138 1026 1213 1598 1664 2234 2577 0 0 0 0 0 0 0 0 0 0 0
"0.95" 286 421 515 677 654 879 1111 1069 1628 1858 0 0 0 0 0 0 0 0 0 0 0
"1" 387 154 158 271 246 402 599 496 808 899 0 0 0 0 0 0 0 0 0 0 0
