"0" "0.05" "0.1" "0.15" "0.2" "0.25" "0.3" "0.35" "0.4" "0.45" "0.5" "0.55" "0.6" "0.65" "0.7" "0.75" "0.8" "0.85" "0.9" "0.95" "1"
"0" 9670229 897391 286613 86599 68068 36483 17930 9131 6532 4073 4753 2444 1570 1713 1069 1116 928 699 579 215 460
"0.05" 735740 137717 71085 35228 23717 15674 9642 6412 4860 3392 2901 2159 1608 1552 1062 1110 1059 1052 990 363 219
"0.1" 262490 68938 44436 26633 18872 13423 8623 6103 4720 3472 2897 2334 1756 1498 1242 1154 1031 1227 1375 647 281
"0.15" 108541 36040 27343 19317 15009 11399 7972 5935 4533 3386 2899 2330 1736 1545 1337 1277 1117 1228 1542 812 347
"0.2" 73920 23931 18487 14707 12796 10428 7704 6108 4816 3638 3061 2466 1988 1786 1446 1407 1245 1299 1691 967 417
"0.25" 43922 16294 12540 10713 10218 9336 7626 6075 5017 3990 3327 2744 2186 2013 1604 1576 1495 1494 1863 1181 561
"0.3" 26770 11598 8873 7496 7624 7827 6842 5938 5107 4183 3523 3020 2432 2164 1820 1739 1630 1647 2205 1507 792
"0.35" 17617 8431 6541 5618 5836 6174 5926 5492 4958 4325 3895 3294 2715 2443 1961 1870 1845 1866 2469 1878 937
"0.4" 12308 6605 5019 4251 4488 4991 4952 5028 4953 4628 4057 3558 2928 2788 2367 2121 2112 2130 2828 2154 1235
"0.45" 8911 5254 3990 3393 3499 3952 4001 4316 4342 4376 4389 4072 3451 3232 2796 2695 2494 2506 3366 2737 1582
"0.5" 7380 4488 3272 2783 2880 3129 3385 3645 3844 4242 4386 4468 3833 3741 3236 3175 2958 3100 4096 3454 2259
"0.55" 5494 3658 2742 2255 2371 2631 2675 3042 3468 3794 4285 4576 4418 4351 4020 3731 3713 3540 4776 4393 3205
"0.6" 4059 3035 2242 1782 1906 2112 2241 2544 2963 3357 3954 4430 4580 5063 4685 4499 4386 4325 5991 5833 4288
"0.65" 3137 2709 1971 1614 1594 1827 1938 2222 2596 2935 3604 4422 4755 5880 5734 5878 5726 5890 7879 8372 7408
"0.7" 2237 1922 1515 1297 1342 1490 1578 1868 2186 2489 3139 3924 4492 5767 6484 7233 7673 7626 10241 11381 10790
"0.75" 1752 1728 1393 1089 1155 1283 1392 1591 1874 2270 2880 3683 4512 5836 6972 8915 10026 11109 15017 17537 19929
"0.8" 1356 1517 1241 952 1021 1112 1219 1327 1629 1871 2588 3150 4059 5986 7341 10249 13486 16574 23647 28218 39299
"0.85" 978 1204 1041 787 804 970 1018 1162 1412 1709 2230 3000 3781 5577 7436 11190 16883 24562 40305 51820 77518
"0.9" 624 841 947 747 804 973 992 1085 1433 1628 2484 3099 3896 6212 8141 13732 22337 38020 83417 138894 324858
"0.95" 282 321 482 430 471 600 738 654 940 1089 1954 2414 2995 5531 7349 13867 24262 47607 147188 549211 3525961
"1" 421 139 189 178 237 351 385 283 484 546 1654 1461 1876 5339 5576 15890 37745 68398 441840 3669587 0
