"0" "0.05" "0.1" "0.15" "0.2" "0.25" "0.3" "0.35" "0.4" "0.45" "0.5" "0.55" "0.6" "0.65" "0.7" "0.75" "0.8" "0.85" "0.9" "0.95" "1"
"0" 13321555 1000538 306657 85741 70918 35360 16968 8598 6216 3708 4283 2198 1366 1499 954 936 799 599 486 166 387
"0.05" 806125 141015 72807 35343 23972 15314 9349 6219 4721 3259 2718 2069 1466 1434 999 1018 986 960 855 290 170
"0.1" 279936 70770 46132 26743 19274 13291 8518 6005 4566 3308 2729 2176 1623 1380 1104 990 894 1050 1202 562 223
"0.15" 113779 36462 27754 19330 15159 11283 7909 5725 4257 3250 2644 2138 1624 1451 1165 1087 1008 1093 1332 649 275
"0.2" 74692 23745 18554 14338 12682 10128 7435 5852 4583 3469 2861 2349 1789 1559 1218 1187 1019 1050 1362 689 260
"0.25" 42758 15691 12051 10362 9806 9092 7148 5665 4622 3598 3045 2563 2010 1738 1322 1273 1224 1075 1187 713 313
"0.3" 26014 10999 8286 6879 7022 7153 6326 5400 4569 3717 3120 2686 2102 1881 1481 1391 1255 1105 1326 768 355
"0.35" 16879 7872 6111 5095 5277 5478 5278 4819 4370 3759 3339 2910 2321 1981 1515 1496 1272 1211 1340 787 446
"0.4" 11684 5969 4521 3647 3842 4259 4047 4204 4252 3772 3377 2920 2442 2140 1802 1577 1562 1344 1547 1043 509
"0.45" 8082 4686 3517 2772 2826 3114 3144 3357 3545 3408 3374 3012 2613 2469 2015 1875 1660 1501 1724 1167 625
"0.5" 6450 3875 2725 2198 2218 2447 2435 2655 2900 3015 3145 3019 2658 2616 2223 2115 1885 1757 1993 1292 801
"0.55" 4622 3028 2147 1666 1721 1922 1920 2009 2436 2577 2834 2880 2767 2839 2472 2249 2165 1851 2197 1615 876
"0.6" 3502 2458 1749 1284 1358 1469 1484 1576 1851 2111 2347 2584 2691 2800 2658 2474 2269 2119 2535 1876 1067
"0.65" 2576 2115 1484 1068 1077 1185 1176 1336 1506 1651 2064 2469 2510 2948 2911 2974 2749 2633 2923 2487 1587
"0.7" 1594 1393 1061 775 805 837 901 985 1149 1276 1652 1963 2180 2607 2809 3113 3125 3086 3542 3037 1968
"0.75" 1133 1047 838 626 692 702 744 802 881 1105 1315 1719 1960 2374 2761 3322 3696 3605 4462 3909 3064
"0.8" 718 756 620 487 544 568 555 589 751 831 1032 1279 1518 2138 2487 3289 4007 4788 5896 5471 4657
"0.85" 455 524 486 338 400 426 445 486 581 627 797 1031 1251 1669 2211 3084 4433 5892 8384 8737 7863
"0.9" 254 318 305 254 311 349 361 433 482 542 738 866 1023 1538 1995 3028 4581 7062 13447 17727 21021
"0.95" 74 110 161 136 150 194 210 200 265 314 474 544 588 1023 1300 2333 3745 6742 17419 43658 96263
"1" 140 45 65 67 88 81 87 95 127 120 240 219 279 597 619 1477 2859 5419 21064 99860 0
