"0" "0.1" "0.2" "0.3" "0.4" "0.5" "0.6" "0.7" "0.8" "0.9" "1"
"0" 15269233 500548 145564 41134 17904 11268 5765 3907 3344 1797 557
"0.1" 500947 119959 59007 28157 15381 9687 6078 4346 4045 3745 498
"0.2" 156886 55305 41708 26100 16272 10818 7096 5000 4368 3951 573
"0.3" 61764 26371 24930 21823 16415 12055 8285 5883 4843 4221 801
"0.4" 30421 14457 14041 14752 14977 12683 9664 7269 6067 5481 1134
"0.5" 17975 8736 8308 9019 10928 11878 10880 9059 7658 7097 1677
"0.6" 10651 5585 5089 5572 7119 9464 10949 11017 9770 9821 2654
"0.7" 5167 3300 3036 3432 4411 6649 9121 12005 13512 14950 5032
"0.8" 2453 1931 1938 2075 2790 4139 6576 11071 19120 28488 12520
"0.9" 756 856 1004 1204 1603 2622 4172 8656 22130 92251 117284
"1" 185 132 169 182 247 459 876 2096 8278 120924 0
