"0" "0.1" "0.2" "0.3" "0.4" "0.5" "0.6" "0.7" "0.8" "0.9" "1"
"0" 11441077 479525 143942 43115 18857 12257 6443 4357 3738 2147 679
"0.1" 476009 117729 58703 28633 16111 10460 6535 5010 4603 4376 628
"0.2" 158067 56447 42778 27513 17461 11598 7973 6033 5533 5702 978
"0.3" 64416 28528 27461 24198 18573 13732 9754 7390 6988 8059 1729
"0.4" 33078 16653 16930 18297 18299 16076 12399 9979 9242 11085 2817
"0.5" 21020 11052 11011 12747 15348 17715 16343 14162 13311 16719 5464
"0.6" 12940 7609 7439 8945 11851 16410 20278 20796 20327 28075 11696
"0.7" 7639 5294 5270 6429 8819 13626 20607 29604 36434 54176 30719
"0.8" 5055 4021 3907 4726 6621 10968 19403 36216 71505 143990 116817
"0.9" 2068 2606 2848 3469 5090 9951 18634 43089 132226 918710 3850819
"1" 560 367 588 668 1030 3115 7215 21466 106143 4111427 0
